version https://git-lfs.github.com/spec/v1
oid sha256:0711252e8f8a8d5e8fd61dd97b55a4e16bb6c4c9c640c984c7aad17f1af8265d
size 666
